000 000 000 000 026 0e5 1f6 209 08a 000 000 000
000 000 000 006 0a4 26d 2c8 209 fe9 000 000 000
000 000 000 05a 201 2d1 259 04b 000 000 000 000
000 000 01d 182 299 267 087 048 041 01b 000 000
000 000 071 2da 2f8 0c8 0d2 19a 1a6 0cd 031 002
000 00c 141 30a 2b0 0c9 237 251 1e3 124 02b 002
000 027 23b 2d7 19b 24e 273 21d 273 18b fd3 000
000 055 2bf 297 1f1 2f3 22a 1f1 215 0aa 000 000
000 065 2a0 246 2e3 333 1e2 1ee 0cb fff 000 000
000 040 1e1 1cb 251 255 1c7 05f 000 000 000 000
000 00f 0f8 163 154 0f5 090 000 000 000 000 000
000 000 000 000 000 000 000 000 000 000 000 000
